band	brightness	koef
0.000000	1.630137	1.226891
1.000000	1.625000	1.230769
2.000000	1.402397	1.426129
3.000000	1.481164	1.350289
4.000000	1.422945	1.405535
5.000000	1.527397	1.309417
6.000000	1.583904	1.262703
7.000000	1.585616	1.261339
8.000000	1.881849	1.062784
9.000000	1.529110	1.307951
10.000000	1.796233	1.113441
11.000000	1.479452	1.351852
12.000000	1.708904	1.170341
13.000000	1.847603	1.082484
14.000000	1.729452	1.156436
15.000000	1.681507	1.189409
16.000000	1.917808	1.042857
17.000000	1.416096	1.412334
18.000000	1.559932	1.282108
19.000000	1.690068	1.183384
20.000000	1.376712	1.452736
21.000000	1.518836	1.316798
22.000000	1.549658	1.290608
23.000000	1.434932	1.393795
24.000000	1.573630	1.270947
25.000000	1.556507	1.284928
26.000000	1.702055	1.175050
27.000000	1.438356	1.390476
28.000000	1.601027	1.249198
29.000000	1.520548	1.315315
30.000000	1.880137	1.063752
31.000000	1.664384	1.201646
32.000000	1.818493	1.099812
33.000000	1.832192	1.091589
34.000000	1.729452	1.156436
35.000000	1.722603	1.161034
36.000000	1.907534	1.048474
37.000000	1.585616	1.261339
38.000000	1.794521	1.114504
39.000000	1.623288	1.232068
40.000000	1.743151	1.147348
41.000000	2.077055	0.962902
42.000000	1.866438	1.071560
43.000000	2.037671	0.981513
44.000000	1.922945	1.040071
45.000000	1.821918	1.097744
46.000000	1.917808	1.042857
47.000000	1.989726	1.005164
48.000000	2.034247	0.983165
49.000000	1.837329	1.088537
50.000000	1.984589	1.007765
51.000000	1.813356	1.102927
52.000000	1.910959	1.046595
53.000000	1.717466	1.164506
54.000000	1.664384	1.201646
55.000000	1.905822	1.049416
56.000000	2.107877	0.948822
57.000000	1.712329	1.168000
58.000000	1.820205	1.098777
59.000000	2.025685	0.987320
60.000000	1.970890	1.014770
61.000000	1.895548	1.055104
62.000000	1.835616	1.089552
63.000000	1.893836	1.056058
64.000000	2.102740	0.951140
65.000000	2.044521	0.978224
66.000000	2.133562	0.937400
67.000000	1.967466	1.016536
68.000000	2.106164	0.949593
69.000000	2.186644	0.914644
70.000000	1.688356	1.184584
71.000000	1.902397	1.051305
72.000000	1.940068	1.030891
73.000000	2.114726	0.945749
74.000000	1.813356	1.102927
75.000000	1.972603	1.013889
76.000000	1.715753	1.165669
77.000000	1.791096	1.116635
78.000000	1.922945	1.040071
79.000000	1.890411	1.057971
80.000000	1.880137	1.063752
81.000000	2.042808	0.979044
82.000000	2.172945	0.920410
83.000000	2.025685	0.987320
84.000000	1.948630	1.026362
85.000000	1.827055	1.094658
86.000000	1.958904	1.020979
87.000000	1.950342	1.025461
88.000000	2.044521	0.978224
89.000000	1.986301	1.006897
90.000000	2.303082	0.868401
91.000000	2.215753	0.902628
92.000000	2.118151	0.944220
93.000000	2.001712	0.999145
94.000000	2.157534	0.926984
95.000000	1.847603	1.082484
96.000000	2.078767	0.962109
97.000000	2.210616	0.904725
98.000000	1.962329	1.019197
99.000000	2.183219	0.916078
100.000000	2.082192	0.960526
101.000000	2.145548	0.932163
102.000000	2.000000	1.000000
103.000000	2.068493	0.966887
104.000000	2.248288	0.889566
105.000000	1.964041	1.018309
106.000000	1.883562	1.061818
107.000000	2.070205	0.966088
108.000000	1.816781	1.100848
109.000000	2.232877	0.895706
110.000000	1.965753	1.017422
111.000000	2.328767	0.858824
112.000000	2.181507	0.916797
113.000000	2.166096	0.923320
114.000000	2.126712	0.940419
115.000000	2.145548	0.932163
116.000000	1.854452	1.078486
117.000000	2.226027	0.898462
118.000000	2.284247	0.875562
119.000000	2.018836	0.990670
120.000000	2.005137	0.997438
121.000000	1.934932	1.033628
122.000000	2.006849	0.996587
123.000000	2.179795	0.917518
124.000000	2.073630	0.964492
125.000000	2.099315	0.952692
126.000000	1.982877	1.008636
127.000000	2.198630	0.909657
128.000000	2.101027	0.951915
129.000000	1.924658	1.039146
130.000000	2.339041	0.855051
131.000000	2.005137	0.997438
132.000000	1.922945	1.040071
133.000000	2.056507	0.972523
134.000000	2.035959	0.982338
135.000000	2.226027	0.898462
136.000000	2.229452	0.897081
137.000000	2.172945	0.920410
138.000000	1.859589	1.075506
139.000000	2.243151	0.891603
140.000000	2.205479	0.906832
141.000000	2.381849	0.839684
142.000000	2.243151	0.891603
143.000000	2.398973	0.833690
144.000000	2.287671	0.874251
145.000000	1.979452	1.010381
146.000000	2.160959	0.925515
147.000000	2.102740	0.951140
148.000000	2.101027	0.951915
149.000000	2.049658	0.975773
150.000000	2.421233	0.826025
151.000000	2.198630	0.909657
152.000000	2.342466	0.853801
153.000000	2.053082	0.974145
154.000000	2.032534	0.983993
155.000000	2.294521	0.871642
156.000000	2.549658	0.784419
157.000000	2.191781	0.912500
158.000000	2.219178	0.901235
159.000000	2.095890	0.954248
160.000000	2.272260	0.880181
161.000000	2.253425	0.887538
162.000000	2.208904	0.905426
163.000000	2.082192	0.960526
164.000000	2.462329	0.812239
165.000000	2.152397	0.929196
166.000000	2.157534	0.926984
167.000000	2.128425	0.939662
168.000000	2.171233	0.921136
169.000000	2.318493	0.862629
170.000000	2.373288	0.842713
171.000000	2.176370	0.918961
172.000000	2.258562	0.885519
173.000000	2.371575	0.843321
174.000000	2.434932	0.821378
175.000000	2.371575	0.843321
176.000000	2.296233	0.870992
177.000000	2.347603	0.851933
178.000000	2.469178	0.809986
179.000000	2.354452	0.849455
180.000000	2.063356	0.969295
181.000000	2.443493	0.818500
182.000000	2.308219	0.866469
183.000000	2.652397	0.754035
184.000000	2.205479	0.906832
185.000000	2.217466	0.901931
186.000000	2.397260	0.834286
187.000000	2.380137	0.840288
188.000000	2.417808	0.827195
189.000000	2.409247	0.830135
190.000000	2.253425	0.887538
191.000000	2.085616	0.958949
192.000000	2.375000	0.842105
193.000000	2.323630	0.860722
194.000000	2.477740	0.807187
195.000000	2.287671	0.874251
196.000000	2.116438	0.944984
197.000000	2.090753	0.956593
198.000000	2.301370	0.869048
199.000000	2.436644	0.820801
200.000000	2.047945	0.976589
201.000000	2.196918	0.910366
202.000000	2.147260	0.931419
203.000000	2.217466	0.901931
204.000000	2.443493	0.818500
205.000000	2.565068	0.779706
206.000000	2.469178	0.809986
207.000000	2.208904	0.905426
208.000000	2.469178	0.809986
209.000000	2.383562	0.839080
210.000000	2.325342	0.860088
211.000000	2.205479	0.906832
212.000000	2.414384	0.828369
213.000000	2.263699	0.883510
214.000000	2.457192	0.813937
215.000000	2.465753	0.811111
216.000000	2.561644	0.780749
217.000000	2.441781	0.819074
218.000000	2.493151	0.802198
219.000000	2.250000	0.888889
220.000000	2.191781	0.912500
221.000000	2.460616	0.812804
222.000000	2.450342	0.816212
223.000000	2.513699	0.795640
224.000000	2.684932	0.744898
225.000000	2.583904	0.774023
226.000000	2.251712	0.888213
227.000000	2.328767	0.858824
228.000000	2.315068	0.863905
229.000000	2.366438	0.845152
230.000000	2.431507	0.822535
231.000000	2.265411	0.882842
232.000000	2.333904	0.856933
233.000000	2.422945	0.825442
234.000000	2.402397	0.832502
235.000000	2.434932	0.821378
236.000000	2.549658	0.784419
237.000000	2.321918	0.861357
238.000000	2.631849	0.759922
239.000000	2.518836	0.794018
240.000000	2.268836	0.881509
241.000000	2.522260	0.792940
242.000000	2.508562	0.797270
243.000000	2.450342	0.816212
244.000000	2.385274	0.838478
245.000000	2.647260	0.755498
246.000000	2.573630	0.777112
247.000000	2.443493	0.818500
248.000000	2.354452	0.849455
249.000000	2.159247	0.926249
250.000000	2.328767	0.858824
251.000000	2.450342	0.816212
252.000000	2.625000	0.761905
253.000000	2.311644	0.865185
254.000000	2.732877	0.731830
255.000000	2.366438	0.845152
256.000000	2.633562	0.759428
257.000000	2.344178	0.853178
258.000000	2.419521	0.826610
259.000000	2.356164	0.848837
260.000000	2.491438	0.802749
261.000000	2.609589	0.766404
262.000000	2.419521	0.826610
263.000000	2.539384	0.787593
264.000000	2.553082	0.783367
265.000000	2.544521	0.786003
266.000000	2.594178	0.770957
267.000000	2.546233	0.785474
268.000000	2.333904	0.856933
269.000000	2.505137	0.798360
270.000000	2.327055	0.859455
271.000000	2.395548	0.834882
272.000000	2.398973	0.833690
273.000000	2.484589	0.804962
274.000000	2.570205	0.778148
275.000000	2.498288	0.800548
276.000000	2.232877	0.895706
277.000000	2.441781	0.819074
278.000000	2.496575	0.801097
279.000000	2.585616	0.773510
280.000000	2.666096	0.750161
281.000000	2.599315	0.769433
282.000000	2.613014	0.765400
283.000000	2.565068	0.779706
284.000000	2.452055	0.815642
285.000000	2.503425	0.798906
286.000000	2.402397	0.832502
287.000000	2.722603	0.734591
288.000000	2.472603	0.808864
289.000000	2.618151	0.763898
290.000000	2.631849	0.759922
291.000000	2.659247	0.752093
292.000000	2.438356	0.820225
293.000000	2.361301	0.846991
294.000000	2.541096	0.787062
295.000000	2.546233	0.785474
296.000000	2.511986	0.796183
297.000000	2.683219	0.745373
298.000000	2.763699	0.723668
299.000000	2.462329	0.812239
300.000000	2.426370	0.824277
301.000000	2.655822	0.753063
302.000000	2.618151	0.763898
303.000000	2.498288	0.800548
304.000000	2.493151	0.802198
305.000000	2.380137	0.840288
306.000000	2.311644	0.865185
307.000000	2.535959	0.788656
308.000000	2.676370	0.747281
309.000000	2.390411	0.836676
310.000000	2.683219	0.745373
311.000000	2.534247	0.789189
312.000000	2.669521	0.749198
313.000000	2.472603	0.808864
314.000000	2.301370	0.869048
315.000000	2.544521	0.786003
316.000000	2.542808	0.786532
317.000000	2.479452	0.806630
318.000000	2.537671	0.788124
319.000000	2.696918	0.741587
320.000000	2.618151	0.763898
321.000000	2.498288	0.800548
322.000000	2.544521	0.786003
323.000000	2.436644	0.820801
324.000000	2.604452	0.767916
325.000000	2.575342	0.776596
326.000000	2.494863	0.801647
327.000000	2.530822	0.790257
328.000000	2.513699	0.795640
329.000000	2.602740	0.768421
330.000000	2.671233	0.748718
331.000000	2.654110	0.753548
332.000000	2.498288	0.800548
333.000000	2.464041	0.811675
334.000000	2.635274	0.758934
335.000000	2.691781	0.743003
336.000000	2.618151	0.763898
337.000000	2.467466	0.810548
338.000000	2.589041	0.772487
339.000000	2.618151	0.763898
340.000000	2.416096	0.827782
341.000000	2.573630	0.777112
342.000000	2.729452	0.732748
343.000000	2.491438	0.802749
344.000000	2.734589	0.731371
345.000000	2.464041	0.811675
346.000000	2.785959	0.717886
347.000000	2.565068	0.779706
348.000000	2.535959	0.788656
349.000000	2.792808	0.716125
350.000000	2.400685	0.833096
351.000000	2.686644	0.744423
352.000000	2.506849	0.797814
353.000000	2.614726	0.764898
354.000000	2.546233	0.785474
355.000000	2.760274	0.724566
356.000000	2.702055	0.740177
357.000000	2.566781	0.779186
358.000000	2.835616	0.705314
359.000000	2.700342	0.740647
360.000000	2.563356	0.780227
361.000000	2.643836	0.756477
362.000000	2.585616	0.773510
363.000000	2.643836	0.756477
364.000000	2.628425	0.760912
365.000000	2.690068	0.743475
366.000000	2.628425	0.760912
367.000000	2.535959	0.788656
368.000000	2.789384	0.717004
369.000000	2.703767	0.739709
370.000000	2.881849	0.693999
371.000000	2.885274	0.693175
372.000000	2.852740	0.701080
373.000000	2.647260	0.755498
374.000000	2.691781	0.743003
375.000000	2.688356	0.743949
376.000000	2.571918	0.777630
377.000000	2.601027	0.768927
378.000000	2.613014	0.765400
379.000000	2.688356	0.743949
380.000000	2.703767	0.739709
381.000000	2.799658	0.714373
382.000000	2.616438	0.764398
383.000000	2.529110	0.790792
384.000000	2.520548	0.793478
385.000000	2.655822	0.753063
386.000000	2.864726	0.698147
387.000000	2.676370	0.747281
388.000000	2.539384	0.787593
389.000000	2.722603	0.734591
390.000000	2.780822	0.719212
391.000000	2.631849	0.759922
392.000000	2.652397	0.754035
393.000000	2.693493	0.742530
394.000000	2.520548	0.793478
395.000000	2.839041	0.704463
396.000000	2.832192	0.706167
397.000000	2.628425	0.760912
398.000000	2.544521	0.786003
399.000000	2.445205	0.817927
400.000000	2.705479	0.739241
401.000000	2.642123	0.756967
402.000000	2.719178	0.735516
403.000000	2.808219	0.712195
404.000000	2.625000	0.761905
405.000000	2.539384	0.787593
406.000000	2.731164	0.732288
407.000000	2.827055	0.707450
408.000000	2.753425	0.726368
409.000000	2.577055	0.776080
410.000000	2.583904	0.774023
411.000000	2.655822	0.753063
412.000000	2.695205	0.742058
413.000000	2.803082	0.713500
414.000000	2.669521	0.749198
415.000000	2.720890	0.735053
416.000000	2.904110	0.688679
417.000000	2.628425	0.760912
418.000000	2.936644	0.681050
419.000000	2.648973	0.755010
420.000000	2.844178	0.703191
421.000000	2.618151	0.763898
422.000000	2.738014	0.730457
423.000000	2.450342	0.816212
424.000000	2.796233	0.715248
425.000000	2.842466	0.703614
426.000000	2.751712	0.726820
427.000000	2.392123	0.836077
428.000000	2.851027	0.701502
429.000000	2.426370	0.824277
430.000000	2.623288	0.762402
431.000000	2.734589	0.731371
432.000000	2.712329	0.737374
433.000000	2.465753	0.811111
434.000000	2.666096	0.750161
435.000000	2.803082	0.713500
436.000000	2.895548	0.690716
437.000000	2.625000	0.761905
438.000000	2.676370	0.747281
439.000000	2.835616	0.705314
440.000000	2.606164	0.767411
441.000000	2.458904	0.813370
442.000000	2.722603	0.734591
443.000000	2.660959	0.751609
444.000000	2.833904	0.705740
445.000000	2.438356	0.820225
446.000000	2.756849	0.725466
447.000000	2.684932	0.744898
448.000000	2.700342	0.740647
449.000000	2.683219	0.745373
450.000000	2.635274	0.758934
451.000000	2.744863	0.728634
452.000000	2.660959	0.751609
453.000000	2.919521	0.685044
454.000000	2.708904	0.738306
455.000000	2.655822	0.753063
456.000000	2.765411	0.723220
457.000000	2.751712	0.726820
458.000000	2.702055	0.740177
459.000000	2.835616	0.705314
460.000000	2.857877	0.699820
461.000000	2.753425	0.726368
462.000000	2.678082	0.746803
463.000000	2.693493	0.742530
464.000000	2.647260	0.755498
465.000000	2.890411	0.691943
466.000000	2.750000	0.727273
467.000000	2.708904	0.738306
468.000000	2.690068	0.743475
469.000000	2.809932	0.711761
470.000000	2.720890	0.735053
471.000000	2.703767	0.739709
472.000000	2.758562	0.725016
473.000000	2.976027	0.672037
474.000000	2.931507	0.682243
475.000000	2.789384	0.717004
476.000000	2.804795	0.713065
477.000000	2.904110	0.688679
478.000000	2.936644	0.681050
479.000000	2.630137	0.760417
480.000000	2.426370	0.824277
481.000000	2.772260	0.721433
482.000000	2.844178	0.703191
483.000000	2.989726	0.668958
484.000000	2.705479	0.739241
485.000000	2.756849	0.725466
486.000000	2.803082	0.713500
487.000000	2.847603	0.702345
488.000000	2.676370	0.747281
489.000000	2.779110	0.719655
490.000000	2.796233	0.715248
491.000000	2.727740	0.733208
492.000000	2.779110	0.719655
493.000000	2.727740	0.733208
494.000000	2.583904	0.774023
495.000000	2.851027	0.701502
496.000000	2.770548	0.721879
497.000000	2.727740	0.733208
498.000000	2.761986	0.724117
499.000000	3.041096	0.657658
500.000000	2.743151	0.729089
501.000000	2.731164	0.732288
502.000000	2.851027	0.701502
503.000000	2.804795	0.713065
504.000000	3.001712	0.666286
505.000000	2.756849	0.725466
506.000000	2.833904	0.705740
507.000000	2.691781	0.743003
508.000000	2.736301	0.730914
509.000000	2.652397	0.754035
510.000000	2.736301	0.730914
511.000000	2.895548	0.690716
512.000000	2.666096	0.750161
513.000000	3.001712	0.666286
514.000000	2.821918	0.708738
515.000000	2.871575	0.696482
516.000000	2.729452	0.732748
517.000000	2.722603	0.734591
518.000000	2.856164	0.700240
519.000000	2.845890	0.702768
520.000000	2.839041	0.704463
521.000000	2.902397	0.689086
522.000000	2.739726	0.730000
523.000000	2.587329	0.772998
524.000000	2.750000	0.727273
525.000000	2.703767	0.739709
526.000000	2.977740	0.671650
527.000000	2.767123	0.722772
528.000000	2.861301	0.698983
529.000000	2.794521	0.715686
530.000000	2.982877	0.670494
531.000000	2.828767	0.707022
532.000000	2.741438	0.729544
533.000000	2.751712	0.726820
534.000000	2.738014	0.730457
535.000000	2.547945	0.784946
536.000000	2.720890	0.735053
537.000000	2.890411	0.691943
538.000000	2.707192	0.738773
539.000000	2.770548	0.721879
540.000000	2.866438	0.697730
541.000000	2.736301	0.730914
542.000000	2.989726	0.668958
543.000000	2.674658	0.747759
544.000000	2.897260	0.690307
545.000000	2.815068	0.710462
546.000000	2.821918	0.708738
547.000000	2.804795	0.713065
548.000000	2.789384	0.717004
549.000000	2.833904	0.705740
550.000000	2.801370	0.713936
551.000000	2.799658	0.714373
552.000000	3.013699	0.663636
553.000000	2.794521	0.715686
554.000000	2.875000	0.695652
555.000000	2.772260	0.721433
556.000000	2.873288	0.696067
557.000000	2.940068	0.680256
558.000000	2.898973	0.689900
559.000000	3.035959	0.658770
560.000000	2.840753	0.704039
561.000000	2.671233	0.748718
562.000000	2.657534	0.752577
563.000000	2.827055	0.707450
564.000000	2.674658	0.747759
565.000000	2.866438	0.697730
566.000000	2.832192	0.706167
567.000000	2.592466	0.771466
568.000000	2.696918	0.741587
569.000000	3.013699	0.663636
570.000000	2.883562	0.693587
571.000000	2.794521	0.715686
572.000000	2.984589	0.670109
573.000000	2.878425	0.694825
574.000000	3.005137	0.665527
575.000000	2.792808	0.716125
576.000000	2.835616	0.705314
577.000000	2.773973	0.720988
578.000000	2.917808	0.685446
579.000000	2.710616	0.737840
580.000000	2.929795	0.682642
581.000000	2.856164	0.700240
582.000000	2.931507	0.682243
583.000000	2.780822	0.719212
584.000000	2.885274	0.693175
585.000000	2.869863	0.696897
586.000000	3.008562	0.664769
587.000000	2.936644	0.681050
588.000000	2.811644	0.711328
589.000000	2.905822	0.688273
590.000000	2.821918	0.708738
591.000000	2.917808	0.685446
592.000000	2.994863	0.667810
593.000000	2.955479	0.676709
594.000000	2.777397	0.720099
595.000000	2.804795	0.713065
596.000000	2.830479	0.706594
597.000000	2.808219	0.712195
598.000000	2.892123	0.691533
599.000000	2.957192	0.676317
600.000000	2.770548	0.721879
601.000000	3.049658	0.655811
602.000000	2.928082	0.683041
603.000000	2.936644	0.681050
604.000000	3.034247	0.659142
605.000000	2.732877	0.731830
606.000000	2.981164	0.670879
607.000000	2.881849	0.693999
608.000000	2.842466	0.703614
609.000000	2.958904	0.675926
610.000000	3.051370	0.655443
611.000000	2.808219	0.712195
612.000000	2.926370	0.683441
613.000000	2.861301	0.698983
614.000000	2.986301	0.669725
615.000000	2.989726	0.668958
616.000000	3.029110	0.660260
617.000000	2.914384	0.686251
618.000000	2.854452	0.700660
619.000000	2.919521	0.685044
620.000000	2.739726	0.730000
621.000000	2.703767	0.739709
622.000000	2.863014	0.698565
623.000000	2.724315	0.734129
624.000000	2.972603	0.672811
625.000000	3.059932	0.653609
626.000000	2.789384	0.717004
627.000000	2.974315	0.672424
628.000000	2.556507	0.782317
629.000000	2.976027	0.672037
630.000000	2.933219	0.681845
631.000000	2.873288	0.696067
632.000000	3.140411	0.636859
633.000000	2.929795	0.682642
634.000000	3.003425	0.665906
635.000000	2.957192	0.676317
636.000000	2.815068	0.710462
637.000000	2.969178	0.673587
638.000000	2.897260	0.690307
639.000000	2.905822	0.688273
640.000000	2.965753	0.674365
641.000000	2.813356	0.710895
642.000000	2.864726	0.698147
643.000000	2.946918	0.678675
644.000000	2.767123	0.722772
645.000000	2.905822	0.688273
646.000000	2.945205	0.679070
647.000000	3.046233	0.656549
648.000000	2.931507	0.682243
649.000000	2.886986	0.692764
650.000000	2.876712	0.695238
651.000000	2.765411	0.723220
652.000000	3.013699	0.663636
653.000000	2.928082	0.683041
654.000000	2.921233	0.684642
655.000000	2.799658	0.714373
656.000000	3.030822	0.659887
657.000000	2.559932	0.781271
658.000000	2.880137	0.694411
659.000000	2.755137	0.725917
660.000000	2.797945	0.714810
661.000000	2.869863	0.696897
662.000000	2.964041	0.674754
663.000000	2.856164	0.700240
664.000000	2.892123	0.691533
665.000000	3.000000	0.666667
666.000000	2.743151	0.729089
667.000000	2.890411	0.691943
668.000000	2.806507	0.712630
669.000000	2.613014	0.765400
670.000000	3.046233	0.656549
671.000000	2.888699	0.692353
672.000000	2.917808	0.685446
673.000000	2.856164	0.700240
674.000000	2.912671	0.686655
675.000000	2.893836	0.691124
676.000000	2.972603	0.672811
677.000000	2.804795	0.713065
678.000000	2.864726	0.698147
679.000000	2.746575	0.728180
680.000000	2.876712	0.695238
681.000000	2.791096	0.716564
682.000000	2.938356	0.680653
683.000000	2.976027	0.672037
684.000000	2.946918	0.678675
685.000000	2.859589	0.699401
686.000000	3.013699	0.663636
687.000000	3.030822	0.659887
688.000000	2.792808	0.716125
689.000000	2.886986	0.692764
690.000000	2.945205	0.679070
691.000000	3.020548	0.662132
692.000000	2.917808	0.685446
693.000000	2.893836	0.691124
694.000000	2.671233	0.748718
695.000000	2.741438	0.729544
696.000000	2.873288	0.696067
697.000000	2.785959	0.717886
698.000000	2.741438	0.729544
699.000000	2.941781	0.679860
700.000000	3.042808	0.657288
701.000000	2.919521	0.685044
702.000000	2.844178	0.703191
703.000000	2.926370	0.683441
